svc
采样方法             score    f1         混淆矩阵                              auc
nearmiss            0.8839   0.2579    array([[56,  0], [13, 43]])          0.8839
ADASON              0.6929   0.5379    array([[1796,  219],[1019,  998]])   0.6930
RandomOverSampler   0.6729   0.5533    array([[1802,  213],[1105,  910]])   0.6729
RandomUnderSampler  0.6875   0.4805    array([[43, 13],[22, 34]])           0.6874
SMOT                0.6920   0.5379    array([[1796,  219],[  35,   21]])   0.6920
BorderlineSMOTE     0.7682   0.5518    array([[1830,  185],[ 749, 1266]])   0.7682
SMOTEENN            0.7084   0.5328    array([[1512,  158],[ 916, 1098]])   0.7252
Tomeklinks          0.9728   0.9596    array([[2009,    0],[  56,    0]])   0.5

randomforest
nearmiss            0.7410   0.5029    array([[43, 13],[16, 40]])           0.7410
ADASON              0.6520   0.8850    array([[1700,  315],[1088,  929]])   0.6521
RandomOverSampler   0.6464   0.8957    array([[1733,  282],[1143,  872]])   0.6464
RandomUnderSampler  0.6428   0.8933    array([[49,  7],[33, 23]])           0.6428
SMOT                0.6672   0.8874    array([[1707,  308],[1033,  982]])   0.6672
BorderlineSMOTE     0.6992   0.8843    array([[1694,  321],[ 891, 1124]])   0.6992
SMOTEENN            0.6672   0.8843    array([[1707,  308],[1033,  982]])   0.6672
Tomeklinks          0.9728   0.9596    array([[2009,    0],[  56,    0]])   0.5